0S,0C
0 0
1458 1
1460 1
1497 1
1464 1
1459 1
1489 1
1275 1
1468 1
1464 1
1459 1
1498 1
3194 1
1498 1
1519 1
1458 1
1457 1
1515 1
1468 1
1464 1
1473 1
1459 1
1473 1
1502 1
1464 1
1472 1
1497 1
1458 1
1473 1
1461 1
1459 1
1468 1
1468 1
1473 1
3103 1
1468 1
1473 1
1497 1
1467 1
3104 1
1464 1
1511 1
1519 1
3479 1
1472 1
1474 1
1474 1
1501 1
1478 1
1516 1
1520 1
1464 1
1473 1
1520 1
1498 1
1458 1
1468 1
1459 1
1463 1
1488 1
1522 1
6302 1
1695 1
6302 1
1695 1
1473 1
1473 1
1459 1
1498 1
1498 1
1458 1
1644 1
1516 1
1472 1
1488 1
1522 1
1981 1
1737 1
1981 1
1737 1
1502 1
1458 1
1465 1
1459 1
1498 1
1664 1
1463 1
1458 1
1463 1
1462 1
1632 1
1469 1
1500 1
1475 1
1460 1
1504 1
1494 1
1475 1
1475 1
1461 1
1470 1
1743 1
1466 1
1463 1
1475 1
1499 1
1467 1
1462 1
1503 1
1650 1
1503 1
1503 1
1466 1
1518 1
1463 1
2984 1
1740 1
1463 1
1475 1
1477 1
1477 1
1504 1
1461 1
1502 1
1463 1
1522 1
1470 1
1703 1
1470 1
1467 1
2729 1
1740 1
1470 1
1461 1
1475 1
1651 1
1497 1
1459 1
1469 1
1490 1
1524 1
1926 1
1937 1
1926 1
1937 1
1753 1
1468 1
1504 1
1504 1
1460 1
1504 1
1466 1
1462 1
1459 1
1460 1
1470 1
1667 1
1470 1
1470 1
1460 1
1491 1
1525 1
2204 1
2204 1
2204 1
2204 1
1460 1
1470 1
1692 1
1470 1
1491 1
1487 1
1444 1
5130 1
1450 1
1459 1
